H:
     36.52      -12.5          0          0          0          0          0          0          0          0          0          0          0          0          0          0          0          0          0          0          0          0          0          0          0          0          0          0          0          0          0          0          0          0          0          0          0          0          0          0          0          0          0          0          0          0          0          0          0          0 
     -12.5      35.58      -12.5          0          0          0          0          0          0          0          0          0          0          0          0          0          0          0          0          0          0          0          0          0          0          0          0          0          0          0          0          0          0          0          0          0          0          0          0          0          0          0          0          0          0          0          0          0          0          0 
         0      -12.5      34.68      -12.5          0          0          0          0          0          0          0          0          0          0          0          0          0          0          0          0          0          0          0          0          0          0          0          0          0          0          0          0          0          0          0          0          0          0          0          0          0          0          0          0          0          0          0          0          0          0 
         0          0      -12.5      33.82      -12.5          0          0          0          0          0          0          0          0          0          0          0          0          0          0          0          0          0          0          0          0          0          0          0          0          0          0          0          0          0          0          0          0          0          0          0          0          0          0          0          0          0          0          0          0          0 
         0          0          0      -12.5         33      -12.5          0          0          0          0          0          0          0          0          0          0          0          0          0          0          0          0          0          0          0          0          0          0          0          0          0          0          0          0          0          0          0          0          0          0          0          0          0          0          0          0          0          0          0          0 
         0          0          0          0      -12.5      32.22      -12.5          0          0          0          0          0          0          0          0          0          0          0          0          0          0          0          0          0          0          0          0          0          0          0          0          0          0          0          0          0          0          0          0          0          0          0          0          0          0          0          0          0          0          0 
         0          0          0          0          0      -12.5      31.48      -12.5          0          0          0          0          0          0          0          0          0          0          0          0          0          0          0          0          0          0          0          0          0          0          0          0          0          0          0          0          0          0          0          0          0          0          0          0          0          0          0          0          0          0 
         0          0          0          0          0          0      -12.5      30.78      -12.5          0          0          0          0          0          0          0          0          0          0          0          0          0          0          0          0          0          0          0          0          0          0          0          0          0          0          0          0          0          0          0          0          0          0          0          0          0          0          0          0          0 
         0          0          0          0          0          0          0      -12.5      30.12      -12.5          0          0          0          0          0          0          0          0          0          0          0          0          0          0          0          0          0          0          0          0          0          0          0          0          0          0          0          0          0          0          0          0          0          0          0          0          0          0          0          0 
         0          0          0          0          0          0          0          0      -12.5       29.5      -12.5          0          0          0          0          0          0          0          0          0          0          0          0          0          0          0          0          0          0          0          0          0          0          0          0          0          0          0          0          0          0          0          0          0          0          0          0          0          0          0 
         0          0          0          0          0          0          0          0          0      -12.5      28.92      -12.5          0          0          0          0          0          0          0          0          0          0          0          0          0          0          0          0          0          0          0          0          0          0          0          0          0          0          0          0          0          0          0          0          0          0          0          0          0          0 
         0          0          0          0          0          0          0          0          0          0      -12.5      28.38      -12.5          0          0          0          0          0          0          0          0          0          0          0          0          0          0          0          0          0          0          0          0          0          0          0          0          0          0          0          0          0          0          0          0          0          0          0          0          0 
         0          0          0          0          0          0          0          0          0          0          0      -12.5      27.88      -12.5          0          0          0          0          0          0          0          0          0          0          0          0          0          0          0          0          0          0          0          0          0          0          0          0          0          0          0          0          0          0          0          0          0          0          0          0 
         0          0          0          0          0          0          0          0          0          0          0          0      -12.5      27.42      -12.5          0          0          0          0          0          0          0          0          0          0          0          0          0          0          0          0          0          0          0          0          0          0          0          0          0          0          0          0          0          0          0          0          0          0          0 
         0          0          0          0          0          0          0          0          0          0          0          0          0      -12.5         27      -12.5          0          0          0          0          0          0          0          0          0          0          0          0          0          0          0          0          0          0          0          0          0          0          0          0          0          0          0          0          0          0          0          0          0          0 
         0          0          0          0          0          0          0          0          0          0          0          0          0          0      -12.5      26.62      -12.5          0          0          0          0          0          0          0          0          0          0          0          0          0          0          0          0          0          0          0          0          0          0          0          0          0          0          0          0          0          0          0          0          0 
         0          0          0          0          0          0          0          0          0          0          0          0          0          0          0      -12.5      26.28      -12.5          0          0          0          0          0          0          0          0          0          0          0          0          0          0          0          0          0          0          0          0          0          0          0          0          0          0          0          0          0          0          0          0 
         0          0          0          0          0          0          0          0          0          0          0          0          0          0          0          0      -12.5      25.98      -12.5          0          0          0          0          0          0          0          0          0          0          0          0          0          0          0          0          0          0          0          0          0          0          0          0          0          0          0          0          0          0          0 
         0          0          0          0          0          0          0          0          0          0          0          0          0          0          0          0          0      -12.5      25.72      -12.5          0          0          0          0          0          0          0          0          0          0          0          0          0          0          0          0          0          0          0          0          0          0          0          0          0          0          0          0          0          0 
         0          0          0          0          0          0          0          0          0          0          0          0          0          0          0          0          0          0      -12.5       25.5      -12.5          0          0          0          0          0          0          0          0          0          0          0          0          0          0          0          0          0          0          0          0          0          0          0          0          0          0          0          0          0 
         0          0          0          0          0          0          0          0          0          0          0          0          0          0          0          0          0          0          0      -12.5      25.32      -12.5          0          0          0          0          0          0          0          0          0          0          0          0          0          0          0          0          0          0          0          0          0          0          0          0          0          0          0          0 
         0          0          0          0          0          0          0          0          0          0          0          0          0          0          0          0          0          0          0          0      -12.5      25.18      -12.5          0          0          0          0          0          0          0          0          0          0          0          0          0          0          0          0          0          0          0          0          0          0          0          0          0          0          0 
         0          0          0          0          0          0          0          0          0          0          0          0          0          0          0          0          0          0          0          0          0      -12.5      25.08      -12.5          0          0          0          0          0          0          0          0          0          0          0          0          0          0          0          0          0          0          0          0          0          0          0          0          0          0 
         0          0          0          0          0          0          0          0          0          0          0          0          0          0          0          0          0          0          0          0          0          0      -12.5      25.02      -12.5          0          0          0          0          0          0          0          0          0          0          0          0          0          0          0          0          0          0          0          0          0          0          0          0          0 
         0          0          0          0          0          0          0          0          0          0          0          0          0          0          0          0          0          0          0          0          0          0          0      -12.5         25      -12.5          0          0          0          0          0          0          0          0          0          0          0          0          0          0          0          0          0          0          0          0          0          0          0          0 
         0          0          0          0          0          0          0          0          0          0          0          0          0          0          0          0          0          0          0          0          0          0          0          0      -12.5      25.02      -12.5          0          0          0          0          0          0          0          0          0          0          0          0          0          0          0          0          0          0          0          0          0          0          0 
         0          0          0          0          0          0          0          0          0          0          0          0          0          0          0          0          0          0          0          0          0          0          0          0          0      -12.5      25.08      -12.5          0          0          0          0          0          0          0          0          0          0          0          0          0          0          0          0          0          0          0          0          0          0 
         0          0          0          0          0          0          0          0          0          0          0          0          0          0          0          0          0          0          0          0          0          0          0          0          0          0      -12.5      25.18      -12.5          0          0          0          0          0          0          0          0          0          0          0          0          0          0          0          0          0          0          0          0          0 
         0          0          0          0          0          0          0          0          0          0          0          0          0          0          0          0          0          0          0          0          0          0          0          0          0          0          0      -12.5      25.32      -12.5          0          0          0          0          0          0          0          0          0          0          0          0          0          0          0          0          0          0          0          0 
         0          0          0          0          0          0          0          0          0          0          0          0          0          0          0          0          0          0          0          0          0          0          0          0          0          0          0          0      -12.5       25.5      -12.5          0          0          0          0          0          0          0          0          0          0          0          0          0          0          0          0          0          0          0 
         0          0          0          0          0          0          0          0          0          0          0          0          0          0          0          0          0          0          0          0          0          0          0          0          0          0          0          0          0      -12.5      25.72      -12.5          0          0          0          0          0          0          0          0          0          0          0          0          0          0          0          0          0          0 
         0          0          0          0          0          0          0          0          0          0          0          0          0          0          0          0          0          0          0          0          0          0          0          0          0          0          0          0          0          0      -12.5      25.98      -12.5          0          0          0          0          0          0          0          0          0          0          0          0          0          0          0          0          0 
         0          0          0          0          0          0          0          0          0          0          0          0          0          0          0          0          0          0          0          0          0          0          0          0          0          0          0          0          0          0          0      -12.5      26.28      -12.5          0          0          0          0          0          0          0          0          0          0          0          0          0          0          0          0 
         0          0          0          0          0          0          0          0          0          0          0          0          0          0          0          0          0          0          0          0          0          0          0          0          0          0          0          0          0          0          0          0      -12.5      26.62      -12.5          0          0          0          0          0          0          0          0          0          0          0          0          0          0          0 
         0          0          0          0          0          0          0          0          0          0          0          0          0          0          0          0          0          0          0          0          0          0          0          0          0          0          0          0          0          0          0          0          0      -12.5         27      -12.5          0          0          0          0          0          0          0          0          0          0          0          0          0          0 
         0          0          0          0          0          0          0          0          0          0          0          0          0          0          0          0          0          0          0          0          0          0          0          0          0          0          0          0          0          0          0          0          0          0      -12.5      27.42      -12.5          0          0          0          0          0          0          0          0          0          0          0          0          0 
         0          0          0          0          0          0          0          0          0          0          0          0          0          0          0          0          0          0          0          0          0          0          0          0          0          0          0          0          0          0          0          0          0          0          0      -12.5      27.88      -12.5          0          0          0          0          0          0          0          0          0          0          0          0 
         0          0          0          0          0          0          0          0          0          0          0          0          0          0          0          0          0          0          0          0          0          0          0          0          0          0          0          0          0          0          0          0          0          0          0          0      -12.5      28.38      -12.5          0          0          0          0          0          0          0          0          0          0          0 
         0          0          0          0          0          0          0          0          0          0          0          0          0          0          0          0          0          0          0          0          0          0          0          0          0          0          0          0          0          0          0          0          0          0          0          0          0      -12.5      28.92      -12.5          0          0          0          0          0          0          0          0          0          0 
         0          0          0          0          0          0          0          0          0          0          0          0          0          0          0          0          0          0          0          0          0          0          0          0          0          0          0          0          0          0          0          0          0          0          0          0          0          0      -12.5       29.5      -12.5          0          0          0          0          0          0          0          0          0 
         0          0          0          0          0          0          0          0          0          0          0          0          0          0          0          0          0          0          0          0          0          0          0          0          0          0          0          0          0          0          0          0          0          0          0          0          0          0          0      -12.5      30.12      -12.5          0          0          0          0          0          0          0          0 
         0          0          0          0          0          0          0          0          0          0          0          0          0          0          0          0          0          0          0          0          0          0          0          0          0          0          0          0          0          0          0          0          0          0          0          0          0          0          0          0      -12.5      30.78      -12.5          0          0          0          0          0          0          0 
         0          0          0          0          0          0          0          0          0          0          0          0          0          0          0          0          0          0          0          0          0          0          0          0          0          0          0          0          0          0          0          0          0          0          0          0          0          0          0          0          0      -12.5      31.48      -12.5          0          0          0          0          0          0 
         0          0          0          0          0          0          0          0          0          0          0          0          0          0          0          0          0          0          0          0          0          0          0          0          0          0          0          0          0          0          0          0          0          0          0          0          0          0          0          0          0          0      -12.5      32.22      -12.5          0          0          0          0          0 
         0          0          0          0          0          0          0          0          0          0          0          0          0          0          0          0          0          0          0          0          0          0          0          0          0          0          0          0          0          0          0          0          0          0          0          0          0          0          0          0          0          0          0      -12.5         33      -12.5          0          0          0          0 
         0          0          0          0          0          0          0          0          0          0          0          0          0          0          0          0          0          0          0          0          0          0          0          0          0          0          0          0          0          0          0          0          0          0          0          0          0          0          0          0          0          0          0          0      -12.5      33.82      -12.5          0          0          0 
         0          0          0          0          0          0          0          0          0          0          0          0          0          0          0          0          0          0          0          0          0          0          0          0          0          0          0          0          0          0          0          0          0          0          0          0          0          0          0          0          0          0          0          0          0      -12.5      34.68      -12.5          0          0 
         0          0          0          0          0          0          0          0          0          0          0          0          0          0          0          0          0          0          0          0          0          0          0          0          0          0          0          0          0          0          0          0          0          0          0          0          0          0          0          0          0          0          0          0          0          0      -12.5      35.58      -12.5          0 
         0          0          0          0          0          0          0          0          0          0          0          0          0          0          0          0          0          0          0          0          0          0          0          0          0          0          0          0          0          0          0          0          0          0          0          0          0          0          0          0          0          0          0          0          0          0          0      -12.5      36.52      -12.5 
         0          0          0          0          0          0          0          0          0          0          0          0          0          0          0          0          0          0          0          0          0          0          0          0          0          0          0          0          0          0          0          0          0          0          0          0          0          0          0          0          0          0          0          0          0          0          0          0      -12.5       37.5 

X [i]:
0.498747 1.49372 2.48364 3.46846 4.44815 

x0:
2.73071e-06 7.86908e-06 2.20846e-05 5.25212e-05 0.000117921 0.000254086 0.000526872 0.00105177 0.00202103 0.00373748 0.00665029 0.0113833 0.0187401 0.029667 0.0451537 0.0660633 0.0928988 0.125541 0.163016 0.203376 0.243757 0.280652 0.310391 0.329731 0.336444 0.329731 0.310391 0.280652 0.243757 0.203376 0.163016 0.125541 0.0928988 0.0660633 0.0451537 0.029667 0.0187401 0.0113833 0.0066503 0.00373749 0.00202106 0.00105181 0.000526943 0.000254223 0.000118199 5.31059e-05 2.33656e-05 1.07874e-05 6.90918e-06 9.12281e-06 

x1:
1.71705e-05 4.81135e-05 0.000131201 0.000300212 0.000645178 0.00132596 0.00261417 0.00494517 0.00897189 0.0156014 0.025983 0.041408 0.0630816 0.0917511 0.12722 0.167841 0.210157 0.248881 0.277376 0.288702 0.277077 0.239435 0.176629 0.0938467 1.1348e-08 -0.0938467 -0.176629 -0.239435 -0.277077 -0.288702 -0.277376 -0.248881 -0.210157 -0.167841 -0.12722 -0.0917511 -0.0630817 -0.0414081 -0.0259831 -0.0156015 -0.00897211 -0.00494553 -0.00261479 -0.00132709 -0.000647334 -0.000304516 -0.000140177 -6.76394e-05 -4.42693e-05 -5.64076e-05 

x2:
7.46035e-05 0.000203139 0.000537852 0.00118221 0.00242584 0.00474002 0.00885024 0.0157899 0.0268936 0.0436694 0.0674894 0.0990646 0.137744 0.18079 0.222916 0.256418 0.272203 0.261777 0.219862 0.146927 0.0506751 -0.0543479 -0.149355 -0.215643 -0.239429 -0.215643 -0.149355 -0.0543483 0.0506747 0.146926 0.219862 0.261777 0.272203 0.256418 0.222917 0.180791 0.137744 0.0990653 0.0674903 0.0436705 0.0268952 0.0157924 0.00885413 0.00474662 0.00243764 0.00120442 0.000581727 0.000293941 0.000196542 0.000241226 

x3:
0.00025801 0.000682209 0.00175254 0.00369376 0.00721635 0.013355 0.0235019 0.0393109 0.0623894 0.093711 0.132766 0.176617 0.219218 0.251499 0.262685 0.243011 0.187402 0.0989835 -0.00914069 -0.115255 -0.193999 -0.223879 -0.194862 -0.113022 -2.10357e-06 0.113018 0.19486 0.223879 0.194001 0.115259 0.00914511 -0.0989794 -0.187399 -0.24301 -0.262685 -0.251501 -0.219222 -0.176622 -0.132773 -0.0937193 -0.0624 -0.0393252 -0.0235225 -0.013387 -0.00726923 -0.00378671 -0.00192538 -0.0010208 -0.000696987 -0.000822118 

x4:
0.000750954 0.00192676 0.00479869 0.00967909 0.0179447 0.0313094 0.0516168 0.0803144 0.117569 0.161143 0.205386 0.240951 0.255925 0.238794 0.182918 0.0912167 -0.0211222 -0.128108 -0.199549 -0.211475 -0.156606 -0.0500175 0.0736496 0.17158 0.208727 0.171599 0.0736814 -0.0499844 -0.156583 -0.21147 -0.199563 -0.128137 -0.0211585 0.0911825 0.182893 0.238784 0.255932 0.240972 0.205421 0.161191 0.117629 0.0803892 0.051715 0.0314469 0.0181522 0.0100154 0.00538141 0.00299982 0.00208978 0.00236204 

